<?xml version="1.0" encoding="UTF-8" standalone="no"?>
<!DOCTYPE svg PUBLIC "-//W3C//DTD SVG 20010904//EN"
              "http://www.w3.org/TR/2001/REC-SVG-20010904/DTD/svg10.dtd">

<svg xmlns="http://www.w3.org/2000/svg"
     width="2.54444in" height="1.48889in"
     viewBox="0 0 229 134">
  <path id="Selection #2"
        fill="none" stroke="black" stroke-width="1"
        d="M 229.00,0.00
           C 229.00,0.00 229.00,134.00 229.00,134.00
             229.00,134.00 0.00,134.00 0.00,134.00
             0.00,134.00 0.00,0.00 0.00,0.00
             0.00,0.00 229.00,0.00 229.00,0.00 Z
           M 77.00,11.13
           C 60.00,13.57 28.38,21.27 17.53,35.01
             12.74,41.08 11.09,48.42 11.00,56.00
             11.00,56.00 11.00,76.00 11.00,76.00
             11.00,78.99 10.90,82.11 11.80,85.00
             14.32,93.04 25.71,101.00 33.00,104.74
             50.31,113.64 72.71,117.99 92.00,119.97
             92.00,119.97 100.00,119.97 100.00,119.97
             109.14,121.12 112.56,132.33 119.00,131.04
             124.27,129.98 126.48,122.32 136.00,120.47
             136.00,120.47 145.00,119.57 145.00,119.57
             163.86,116.86 181.86,114.01 199.00,105.24
             206.68,101.31 216.76,93.59 219.35,85.00
             220.11,82.50 220.00,79.60 220.00,77.00
             220.00,77.00 220.00,51.00 220.00,51.00
             220.00,48.83 220.11,46.05 219.44,44.00
             216.22,34.10 201.10,25.62 192.00,21.72
             175.89,14.82 146.52,9.03 129.00,9.09
             129.00,9.09 112.00,9.09 112.00,9.09
             112.00,9.09 92.00,9.09 92.00,9.09
             92.00,9.09 77.00,11.13 77.00,11.13 Z
           M 94.00,12.02
           C 94.00,12.02 111.00,12.02 111.00,12.02
             111.00,12.02 124.00,13.00 124.00,13.00
             124.00,13.00 102.00,13.00 102.00,13.00
             102.00,13.00 83.00,13.00 83.00,13.00
             83.00,13.00 94.00,12.02 94.00,12.02 Z
           M 144.00,14.00
           C 144.00,14.00 137.00,13.00 137.00,13.00
             137.00,13.00 144.00,14.00 144.00,14.00 Z
           M 82.00,15.00
           C 82.00,15.00 77.00,14.00 77.00,14.00
             77.00,14.00 82.00,15.00 82.00,15.00 Z
           M 154.00,15.00
           C 154.00,15.00 148.00,14.00 148.00,14.00
             148.00,14.00 154.00,15.00 154.00,15.00 Z
           M 76.00,16.00
           C 76.00,16.00 71.00,15.00 71.00,15.00
             71.00,15.00 76.00,16.00 76.00,16.00 Z
           M 33.00,69.22
           C 26.60,65.81 18.44,59.33 16.56,52.00
             14.86,45.42 18.51,39.55 23.04,35.09
             31.25,27.03 43.96,21.90 55.00,19.13
             59.53,17.99 65.49,15.51 70.00,17.00
             58.24,18.66 39.73,26.14 31.04,34.18
             20.82,43.63 22.03,54.80 32.01,63.82
             40.83,71.77 55.55,76.76 67.00,79.63
             72.08,80.90 79.48,81.91 84.00,84.00
             69.43,83.68 45.91,76.10 33.00,69.22 Z
           M 153.00,43.43
           C 153.00,43.43 111.00,41.00 111.00,41.00
             111.00,41.00 90.00,42.00 90.00,42.00
             76.72,42.16 55.43,47.00 43.00,51.81
             38.67,53.49 30.38,59.10 27.74,52.93
             25.47,47.62 28.46,40.92 32.11,37.04
             39.11,29.58 53.14,24.17 63.00,21.63
             86.55,15.57 94.32,16.00 118.00,16.00
             140.11,16.00 155.56,16.61 177.00,23.67
             187.24,27.04 208.48,36.28 208.63,49.00
             208.67,52.56 206.59,56.89 205.00,60.00
             187.68,52.54 171.90,46.17 153.00,43.43 Z
           M 216.77,49.00
           C 217.79,63.70 193.49,73.97 182.00,77.66
             177.85,78.99 172.25,81.19 168.00,80.00
             179.66,77.65 195.30,72.13 203.98,63.91
             208.23,59.89 212.42,54.20 211.63,48.00
             209.73,32.99 188.64,26.36 183.00,22.00
             194.17,24.62 215.88,36.17 216.77,49.00 Z
           M 64.00,48.80
           C 87.42,44.04 102.49,43.96 126.00,44.00
             129.84,44.01 141.82,44.74 145.00,46.00
             141.38,47.07 138.22,48.36 136.50,52.04
             134.13,57.07 138.58,62.44 143.00,63.14
             147.71,63.89 152.88,58.71 152.14,54.00
             151.59,50.52 148.44,48.21 146.00,46.00
             157.06,46.24 173.55,50.49 184.00,54.32
             190.20,56.59 196.78,58.85 202.00,63.00
             187.14,72.67 172.33,77.19 155.00,80.08
             155.00,80.08 145.00,81.66 145.00,81.66
             136.76,81.97 134.60,69.15 124.00,74.45
             122.57,75.17 121.27,76.13 120.09,77.21
             118.51,78.65 117.29,80.31 116.00,82.00
             111.01,79.66 107.37,75.06 103.00,74.49
             96.73,73.68 93.78,80.29 88.00,80.77
             85.47,80.98 74.99,78.60 72.00,77.87
             60.01,74.96 40.80,69.90 33.00,60.00
             41.02,54.51 54.43,50.75 64.00,48.80 Z
           M 31.00,71.57
           C 46.10,80.24 70.67,85.70 88.00,88.00
             88.00,91.50 87.73,97.86 88.64,101.00
             90.51,107.50 95.94,111.92 100.00,117.00
             81.87,116.99 53.38,110.97 37.00,103.22
             29.59,99.71 20.22,93.47 16.45,86.00
             13.25,79.65 14.00,65.39 14.00,58.00
             21.29,63.22 22.23,66.54 31.00,71.57 Z
           M 198.00,74.19
           C 198.00,74.19 217.00,62.00 217.00,62.00
             217.00,70.06 217.91,80.81 214.08,88.00
             210.11,95.46 202.33,100.09 195.00,103.75
             179.81,111.34 151.02,117.00 134.00,117.00
             134.00,117.00 142.21,100.00 142.21,100.00
             142.21,100.00 143.00,88.00 143.00,88.00
             157.76,87.68 184.77,80.81 198.00,74.19 Z
           M 127.00,76.55
           C 136.41,74.29 140.32,88.06 139.96,95.00
             139.45,104.73 124.69,122.49 117.00,128.00
             117.00,128.00 99.00,110.00 99.00,110.00
             96.52,107.51 91.72,103.37 90.88,100.00
             89.40,94.01 93.86,75.33 104.00,77.57
             109.12,78.70 112.07,84.67 114.00,89.00
             114.00,89.00 116.00,89.00 116.00,89.00
             118.08,84.40 121.67,77.84 127.00,76.55 Z
           M 87.00,84.00
           C 87.00,84.00 86.00,85.00 86.00,85.00
             86.00,85.00 86.00,84.00 86.00,84.00
             86.00,84.00 87.00,84.00 87.00,84.00 Z
           M 151.00,85.00
           C 151.00,85.00 142.00,85.00 142.00,85.00
             142.00,85.00 151.00,85.00 151.00,85.00 Z" />
</svg>
